z0-value =  1.9599999169797946

 z0-value   =  1.9595919758775833

 z0-value  =  2.499998332176812

 z0-value  =  2.9999999951361342
